1150.65 1111.26 1072.58 1068.23 992.28 943.96 842.78 822.41 745.19 587.07 585.79 563.08 514.58 468.24 472.15 436.38 394.98 396.30 361.23 369.16 336.13 344.86 317.12 304.48 274.13 281.77 273.49 270.31 263.66 257.87 276.21 242.74 
1153.74 1120.60 1091.78 1083.56 1055.43 1020.89 884.98 860.63 762.10 619.76 615.13 579.30 545.31 497.99 492.58 454.62 413.72 396.98 389.82 371.34 362.91 329.08 333.80 338.26 343.47 305.52 277.92 276.28 268.22 251.59 247.52 244.77 
1164.25 1138.76 1097.13 1074.43 1025.06 1009.98 997.77 869.95 869.38 880.65 789.05 738.66 798.43 741.47 642.05 433.02 453.15 491.77 350.87 461.97 510.35 590.79 477.62 477.58 501.15 526.85 518.06 406.31 485.17 432.35 454.42 360.38 
1170.26 1164.48 1151.72 1162.22 1147.60 1106.72 1109.63 1112.07 1028.66 1030.65 1006.00 987.01 961.26 963.51 951.39 937.91 934.13 915.82 924.52 920.63 915.22 908.92 903.12 894.08 781.21 873.84 874.35 776.29 873.16 783.89 906.27 939.13 
1138.46 1155.55 1142.41 1036.47 1176.10 1151.14 1154.96 1137.68 937.23 1000.20 1014.10 995.18 985.92 952.63 934.96 879.85 909.93 855.56 930.82 934.87 877.10 922.95 920.59 912.35 911.18 763.06 888.89 897.35 888.75 911.10 916.92 912.74 
1099.22 1215.16 1120.32 1170.91 1150.84 1114.26 1134.30 1140.28 1099.69 1077.12 1015.84 996.32 983.01 972.60 959.56 945.15 945.10 942.74 531.64 931.84 932.29 926.93 809.14 870.17 899.75 901.01 810.64 843.51 903.98 910.61 915.92 899.09 
1180.49 1171.33 1145.20 787.85 1150.58 1115.98 1054.39 1013.58 1052.76 1036.70 1011.91 983.19 980.59 971.58 961.15 944.05 943.35 940.90 939.13 938.58 932.99 926.93 919.84 909.66 900.50 898.55 897.60 900.81 903.05 915.43 918.91 922.59 
1181.13 1179.20 1158.38 819.67 1155.68 1135.88 1139.88 1137.09 1039.87 1010.10 1019.78 989.48 993.23 948.71 902.08 941.86 969.68 964.76 962.94 963.64 966.52 967.91 967.05 959.61 962.16 960.76 962.22 966.49 957.08 962.21 961.06 948.46 
1181.35 1180.92 1161.47 1176.64 1157.74 1141.87 1139.85 1137.09 1077.08 1044.20 1021.50 984.04 1007.25 982.88 984.08 966.52 969.68 975.13 965.59 966.44 966.44 971.02 966.97 952.85 962.07 960.76 962.13 958.51 956.97 957.96 952.32 948.46 
1086.85 1180.06 1161.47 1176.64 1155.68 1137.02 1137.05 1133.91 1067.45 1040.78 1017.89 987.63 999.19 982.88 975.22 957.41 964.79 959.44 960.16 407.88 942.72 970.85 953.90 952.68 983.93 946.02 969.88 966.29 965.01 1002.08 1007.26 939.68 
1181.78 1180.06 793.58 1180.06 1159.72 1166.42 1159.79 1166.49 1141.61 1143.21 1135.15 1127.34 1114.95 1093.91 1104.33 1079.63 1110.34 1127.34 1154.46 1159.55 1136.81 1117.95 1102.56 1127.34 1081.91 1114.95 1113.11 1114.95 1118.91 1127.34 1091.20 1057.14 
1176.64 1173.24 1166.42 1166.49 1159.55 1166.21 1136.81 1153.24 1127.34 1159.55 1152.89 1166.21 1114.95 1114.95 1127.34 1153.24 1136.19 1073.65 1067.87 1127.34 1073.65 1084.34 1102.56 1126.51 1159.19 1114.95 1000.98 1114.95 1074.92 1127.34 1090.17 1057.14 
1173.24 1166.49 1166.21 1153.24 1127.34 1127.34 1114.95 1103.10 1127.34 1068.00 1084.34 1056.10 1114.95 1035.31 1127.34 1057.14 993.13 1024.85 1067.87 1013.36 966.29 1024.10 980.05 1056.10 1012.74 1114.95 1072.47 1033.54 998.14 966.29 934.43 906.12 
1166.49 1153.24 1127.34 1103.10 1127.34 1126.51 1035.31 1153.24 1024.85 1125.96 1024.10 1056.10 975.58 904.35 845.50 1057.14 991.06 937.38 887.83 842.41 966.29 1152.11 882.05 1053.01 1009.65 972.48 748.25 904.35 873.38 842.41 817.63 792.85 
1153.24 1103.10 1126.51 1057.14 1125.96 938.76 1033.54 1057.14 937.38 1010.89 921.69 842.41 972.48 904.35 842.41 792.85 991.06 699.94 883.70 631.80 801.11 768.08 735.04 702.00 1003.45 644.19 619.42 904.35 578.12 561.60 817.63 792.85 
